vtol_msn_takeoff_landing:
  ros__parameters:
    reference_uwb: [115.920824, 40.361882, 541.203, 0.0]
    reference_tags: [115.920884, 40.361926, 541.203, 0.0, 
                     115.920891, 40.361924, 541.203,
                     115.920890, 40.361921, 541.203,
                     115.920886, 40.361924, 541.203]
    gnss_cov: 0.015
    reg_cov: 0.15
    tag_cov: 0.015
    init_cov: 0.5
    omega_noise: 0.1
    acc_noise: 0.4
    gyro_noise: 0.2